image_width: 1024
image_height: 768
camera_name: 00b09d0100aa7174
camera_matrix:
  rows: 3
  cols: 3
  data: [1308.35105, 0.00000, 510.73027, 0.00000, 1308.99033, 411.37533, 0.00000, 0.00000, 1.00000]
distortion_model: plumb_bob
distortion_coefficients:
  rows: 1
  cols: 5
  data: [-0.44480, 0.25321, -0.00003, -0.00171, 0.00735]
rectification_matrix: 
  rows: 3
  cols: 3
  data: [1, 0, 0, 0, 1, 0, 0, 0, 1]
projection_matrix: 
  rows: 3
  cols: 4
  data: [1308.61573, 5.47590, 510.02230, -156.73782, -2.87083, 1310.90026, 405.23775, 1.26353, 0.00053, 0.00469, 0.99999, 0.00024]
