image_width: 1024
image_height: 768
camera_name: 00b09d0100aa7174
camera_matrix:
  rows: 3
  cols: 3
  data: [1341.51816967489, 0, 498.159992003073, 0, 1339.72600891766, 398.517570463776, 0, 0, 1]
distortion_model: plumb_bob
distortion_coefficients:
  rows: 1
  cols: 5
  data: [-0.440586933841932, 0.239597248767296, 0.000231492768367403, -0.000994455660383488, 0]
rectification_matrix:
  rows: 3
  cols: 3
  data: [0.999351623639575, -0.00402582069297697, -0.0357788358767253, 0.00387792683791796, 0.999983652337802, -0.00420199245468425, 0.0357951674445783, 0.00406052027423414, 0.999350898414925]
projection_matrix:
  rows: 3
  cols: 4
  data: [1326.56661878502, 0, 553.100513458252, 0, 0, 1326.56661878502, 415.421901702881, 0, 0, 0, 1, 0]