image_width: 1024
image_height: 768
camera_name: 00b09d0100aa7174
camera_matrix:
  rows: 3
  cols: 3
  data: [1345.47574960901, 0, 499.39070702298, 0, 1344.18372832944, 427.569327370209, 0, 0, 1]
distortion_model: plumb_bob
distortion_coefficients:
  rows: 1
  cols: 5
  data: [-0.455495675230124, 0.281382137500048, -0.00108971421807778, -0.000428631563576244, 0]
rectification_matrix:
  rows: 3
  cols: 3
  data: [0.998993596316766, -0.00541466173893667, -0.0445250037209159, 0.00559863582767314, 0.999976294268205, 0.00400826377592316, 0.0445022448306125, -0.00425350912555489, 0.999000229161713]
projection_matrix:
  rows: 3
  cols: 4
  data: [1326.56661878502, 0, 553.100513458252, -159.636906762229, 0, 1326.56661878502, 415.421901702881, 0, 0, 0, 1, 0]