D =  [0.02832174651354533, -0.11112551076330648, -4.247673317193242e-05, -0.0016459961981404464, 0.0]
K =  [535.0374943405068, 0.0, 310.0292106444397, 0.0, 534.3720891048475, 247.0499303990828, 0.0, 0.0, 1.0]
R =  [1.0, 0.0, 0.0, 0.0, 1.0, 0.0, 0.0, 0.0, 1.0]
P =  [531.7322387695312, 0.0, 308.1659091918518, 0.0, 0.0, 533.9495849609375, 246.57862331629076, 0.0, 0.0, 0.0, 1.0, 0.0]
# oST version 5.0 parameters


[image]

width
640

height
480

[narrow_stereo/left]

camera matrix
535.037494 0.000000 310.029211
0.000000 534.372089 247.049930
0.000000 0.000000 1.000000

distortion
0.028322 -0.111126 -0.000042 -0.001646 0.000000

rectification
1.000000 0.000000 0.000000
0.000000 1.000000 0.000000
0.000000 0.000000 1.000000

projection
531.732239 0.000000 308.165909 0.000000
0.000000 533.949585 246.578623 0.000000
0.000000 0.000000 1.000000 0.000000

